0.0	0.2037532322264279	0.0016553098528165056	-0.49284088906774376	0.0
1.0000000000000004	0.2037532322264279	0.0016553098528165056	-0.49284088906774376	0.0
2.0000000000000013	0.2037532322264279	0.0016553098528165056	-0.49284088906774376	0.0
3.001999999999891	0.20113978914053196	-0.0010043649358356206	-0.5191015592175141	4.0
4.001999999999781	0.20071753152291547	-0.0006504575636846344	-0.5279199649413012	2.0
5.001999999999671	0.19975428606499943	0.0018717603707766308	-0.5293306144534705	0.0
6.001999999999561	0.1971783189988255	-0.0008716760620470709	-0.5393329598896734	2.0
7.001999999999451	0.2028667118584558	0.0015512771259242463	-0.5450883274922961	1.0
8.001999999999342	0.19990931090074326	0.0012485204088571592	-0.559949951337156	0.0
9.001999999999676	0.1972893156619191	-0.005788867026058039	-0.5580969837680652	2.0
10.000000000000009	0.2026178113146545	-8.929391224237046e-5	-0.5666898626670556	2.0
11.000000000000343	0.20331552243266604	-0.0022908582251521463	-0.5769349386094201	3.0
12.000000000000677	0.2014686122597894	-0.001751153664566801	-0.5899436064983512	2.0
13.00000000000101	0.20224236211084604	0.003499900840947484	-0.5953113585673661	5.0
14.000000000001345	0.20568298171655733	0.0005357210498730467	-0.6019895233760453	7.0
15.000000000001679	0.19532605431941596	0.003490937140494761	-0.6211343218090178	5.0
16.00000000000201	0.196848984163719	-0.0010914339124515364	-0.6338908003375742	6.0
17.000000000003233	0.2040870170260397	-0.0010810935830320961	-0.6313648652566727	4.0
18.000000000004455	0.19682291159975152	-0.002585909701715975	-0.6539737391557036	8.0
19.000000000005677	0.19356197215014495	-0.0029630071855985584	-0.6505559674869206	6.0
20.0000000000069	0.19782587433844745	0.0012824334517155186	-0.6638047403177346	6.0
21.00000000000812	0.2021911822338999	-0.0002204419246373369	-0.6746475995220107	8.0
22.000000000009344	0.19340960980533967	-0.0007531419330957636	-0.688983019230628	6.0
23.000000000010566	0.20077604689419518	0.0014884532822177954	-0.6912279667123549	8.0
24.000000000011788	0.20283754373964125	0.0010452566746625277	-0.6921949098371639	7.0
25.00000000001301	0.1934960344566067	-0.0015532108812038724	-0.7165639541507239	6.0
26.000000000014232	0.1961082928113686	0.0037434568865590827	-0.7180504493873286	8.0
27.000000000015454	0.2010932811277675	-0.0003962695635488468	-0.7239590097249274	10.0
28.000000000016676	0.19375103560999601	-0.005242003084044515	-0.7495472305698632	6.0
29.0000000000179	0.19669607506077585	-0.003528267101172749	-0.7497287834673351	8.0
30.00000000001912	0.1961286899431055	-0.0013838734406972013	-0.7601640514209538	8.0
31.000000000020343	0.18974968050102503	0.003992553901594906	-0.7732276488861344	7.0
32.000000000021565	0.19603492897111804	-0.004129152353839769	-0.7789391443599051	5.0
33.00000000002279	0.20155877649574427	-0.0024799440345694536	-0.7826744621982	8.0
34.00000000002401	0.1991509995421677	7.910191041984394e-5	-0.7964454726940954	12.0
35.00000000002523	0.202339985960597	-0.055077645387569846	-0.7857586551551301	42.0
36.00000000002645	0.19986567226894622	0.0009153306816427169	-0.8017166359296207	8.0
37.000000000027676	0.19146292834903977	0.0027210973315570444	-0.8326742296235142	10.0
38.0000000000289	0.1877611962995824	0.0011956044236162762	-0.8362254541839973	5.0
39.00000000003012	0.1962835641674978	-0.0011569897048991063	-0.8413354443086118	8.0
40.00000000003134	0.19583407590993993	0.001018468182305449	-0.8562843923658813	10.0
41.000000000032564	0.1918963186725727	0.0018733318325826558	-0.8636680257790363	6.0
42.000000000033786	0.1927049275815985	-0.000849851812160514	-0.8731910828552086	7.0
43.00000000003501	0.19834588619894103	-0.002834203142973549	-0.8785923589049593	10.0
44.00000000003623	0.19010202075075233	-0.0002700305207780553	-0.8993280322709944	8.0
45.00000000003745	0.1932376085806969	-0.0028925360887472047	-0.8954738290376936	6.0
46.000000000038675	0.19784048724562472	-0.0030294577868460438	-0.9070609163983302	10.0
47.0000000000399	0.19212133054579092	0.00019925644549338272	-0.9236185576374669	8.0
48.00000000004112	0.19109662967617363	0.00016059681304724654	-0.9266470992742424	5.0
49.00000000004234	0.19730052631652245	-0.002921891710131937	-0.9347566293241223	7.0
50.00000000004356	0.19009352116742922	-0.0020835774848760383	-0.9565191063967536	8.0
51.000000000044786	0.19211348505713643	-0.0009952931607295763	-0.9622996857267136	6.0
52.00000000004601	0.19692262317067136	-0.005097451219798503	-0.9669563628583022	4.0
53.00000000004723	0.19100036422753616	-0.004896833154764904	-0.9824211753276948	7.0
54.00000000004845	0.19662817918899822	0.006412338784085691	-0.9857688549276126	7.0
55.000000000049674	0.19661949508894874	-0.004346293587417355	-0.9979009824584328	5.0
56.000000000050896	0.19424274017403143	-0.0038690795268454346	-1.0050794112627275	7.0
57.00000000005212	0.21003311152673756	-0.044880540513067356	-1.0238234511811397	40.0
58.00000000005334	0.1921667723406835	0.00024634356974985276	-1.021419043507152	6.0
59.00000000005456	0.193166042538317	0.0021116408204429273	-1.035354563248593	7.0
60.000000000055785	0.19247440254083534	0.0005872711595892022	-1.0469532080000132	4.0
61.00000000005701	0.19138869983784795	0.0012074942810567095	-1.055322783082657	6.0
62.00000000005823	0.1923678564766468	-0.00443799782709887	-1.0666343376293965	5.0
63.00000000005945	0.1954102672074583	0.0010566592695293586	-1.0682484398197825	4.0
64.00000000006067	0.1946650559784299	0.0016945619419187212	-1.0830213282779524	5.0
65.00000000005834	0.19095792674855763	-0.003709485751150574	-1.0861440742087813	8.0
66.000000000056	0.1950387555922969	-0.000754244563280279	-1.100791968737292	4.0
67.00000000005367	0.1955488008868945	-0.00180411682340851	-1.107460393035208	4.0
68.00000000005134	0.19106546122273985	-0.0015015028760956522	-1.119603888332157	8.0
69.00000000004901	0.19560282820920674	5.9033702136377254e-5	-1.1336211993183558	2.0
70.00000000004668	0.19484108919231355	0.00042553699883750675	-1.1332206128332996	4.0
71.00000000004435	0.1979688910366092	0.0009203711513130856	-1.1426783297794076	6.0
72.00000000004202	0.18811652628941025	-0.005931559903995864	-1.1573856644060583	3.0
73.00000000003969	0.19509052986231837	-0.0009223840523886941	-1.1629215910869217	4.0
74.00000000003736	0.19705527163734068	-0.005465764006900508	-1.1722692510012527	8.0
75.00000000003503	0.190279312399614	0.0024130679483070024	-1.1899297278687113	7.0
76.0000000000327	0.20421263919142163	-0.0862309389995066	-1.1914499320827983	64.0
77.00000000003037	0.2071195388699526	-0.06007989591950871	-1.1740169530224385	47.0
78.00000000002804	0.17284258015263013	-0.09143871148901139	-1.2317542727876196	68.0
79.00000000002571	0.15860757990717195	-0.09276473834637224	-1.2313078575303213	68.0
80.00000000002338	0.19537986826554726	0.0021127817047853774	-1.229467115857814	3.0
81.00000000002105	0.1949623622370323	-0.004126574380139478	-1.2383193044651337	7.0
82.00000000001872	0.18832011793702275	0.003917806113332298	-1.2519842412115958	5.0
83.00000000001639	0.19547385097630626	0.000352900894427682	-1.2582749287839818	2.0
84.00000000001405	0.1906846719619502	0.0007873263742163944	-1.2667030370853214	5.0
85.00000000001172	0.19417505757544046	-0.00047744990071627334	-1.271039824469105	2.0
86.0000000000094	0.19810828524340132	0.0002498006321429754	-1.2764519929003604	2.0
87.00000000000706	0.19552270071372793	-0.0006456567167141575	-1.2901696664528148	4.0
88.00000000000473	0.19710982466334817	-0.06449433949783512	-1.2900870355082636	50.0
89.0000000000024	0.185559771783281	-0.0029181803323793856	-1.318927127958831	6.0
90.00000000000007	0.1608687751429631	-0.07245795999001746	-1.3035855265684702	52.0
91.00199999999774	0.18417922776599085	-0.0582608817735554	-1.309654019593797	43.0
92.0019999999954	0.16175058422912336	-0.07311501929725697	-1.3342538593802815	48.0
93.00199999999307	0.19925283281966036	-0.0004572695841578195	-1.3404323683256751	4.0
94.00199999999074	0.1802342727053642	-0.0821186255342496	-1.3688828018444132	59.0
95.00199999998841	0.1487750098782967	-0.08659746960409698	-1.3646492320284047	59.0
96.00199999998608	0.20210832343802995	0.0036105513260491313	-1.3528385204526099	12.0
97.00199999998375	0.18129138949326978	-0.07711011748804275	-1.3905903865606157	58.0
98.00199999998142	0.18101684124742676	-0.08582073486991955	-1.387987059969259	61.0
99.00199999997909	0.17762328113665307	-0.08951361672595765	-1.409714524035859	60.0
100.00199999997676	0.16345700841223937	-0.0908405345859903	-1.4144190978937423	59.0
101.00199999997443	0.16845232889040093	-0.09491647419375594	-1.4185261592882208	67.0
