0.0	0.3051983753790398	-0.0002226476925649065	-0.5922619852904545	0.0
0.5	0.3051983753790398	-0.0002226476925649065	-0.5922619852904545	0.0
1.0000000000000004	0.3051983753790398	-0.0002226476925649065	-0.5922619852904545	0.0
1.5000000000000009	0.30511368802470995	0.0013517983813594566	-0.624496743836144	2.0
2.0000000000000013	0.30245401697140234	-0.0004554411933700514	-0.6347867063845842	14.0
2.501999999999946	0.30394357823188534	0.004964618437543185	-0.6643521704030225	13.0
3.001999999999891	0.30635231380399286	0.00014443691196799077	-0.6872523311570758	10.0
3.501999999999836	0.30230269875163884	-0.0016734301198151685	-0.7156871180330293	16.0
4.001999999999781	0.30593281716248016	-0.0006974685363632792	-0.7356937330136785	10.0
4.501999999999726	0.3052261492643587	-0.0011557055747705056	-0.7693816472821224	3.0
5.001999999999671	0.3038112824441353	1.677840445188082e-5	-0.7981588313995458	3.0
5.501999999999616	0.30531848733987155	0.0006904266133367402	-0.8282622459315501	7.0
6.001999999999561	0.304831690509987	-0.0011446292052479667	-0.8592035464196234	7.0
6.501999999999506	0.30139412616726413	-0.0030854395975125452	-0.8882838288752524	9.0
7.001999999999451	0.3048671075191079	-0.0011463993024891728	-0.9177907887117273	11.0
7.501999999999396	0.3043760002394064	0.0003619743574356557	-0.9503564828948613	8.0
8.001999999999342	0.30743596071115126	-0.0007152783373639574	-0.9737357197905154	15.0
8.501999999999509	0.3084776395572314	-0.0013343912875365127	-1.0075243646955419	15.0
9.001999999999676	0.29925415042229137	0.014401799759282791	-1.0548801652985351	25.0
9.501999999999843	0.30990290995459324	0.002977903049250295	-1.0623974909696305	22.0
10.000000000000009	0.3078511171559011	0.0003369338679711264	-1.098775236585878	23.0
10.500000000000176	0.3034677853163208	0.013877409169039973	-1.1283950875843227	37.0
11.000000000000343	0.3138405251861275	-0.0029350820431351668	-1.1418759820829871	32.0
11.50000000000051	0.3164464588716888	0.00036167239179214913	-1.1755681538772276	31.0
12.000000000000677	0.3157639328020996	0.0024157694674313644	-1.207540867886269	35.0
12.500000000000844	0.31694727369631176	0.0006244723739161692	-1.2382005639091438	32.0
13.00000000000101	0.31187407257557476	-3.715014164524773e-5	-1.2749397028634712	36.0
13.500000000001178	0.31489865788505067	-0.0020037106460853897	-1.301654450184213	46.0
14.000000000001345	0.30550970796307847	0.00914742425144934	-1.3256179751964638	61.0
14.500000000001512	0.3174102165889673	-0.00012777007591154022	-1.3350224477066672	63.0
15.000000000001679	0.32236866663070823	0.014828752543384508	-1.3801214021299923	70.0
15.500000000001846	0.31441229765250245	0.005074842563180943	-1.398107328790502	73.0
16.00000000000201	0.31704373605964936	0.0006867010705432537	-1.4287702013035755	72.0
16.500000000002622	0.3259963824981015	0.011830948521931861	-1.443522048406338	79.0
17.000000000003233	0.3162810440047355	0.004529609690267706	-1.4927025945005725	92.0
17.500000000003844	0.30390485215639945	0.015946025366067488	-1.4866425325124577	105.0
18.000000000004455	0.31634880472597715	0.0024619323964539157	-1.5228375335008042	107.0
18.500000000005066	0.3066842247995056	0.0011855278030803256	-1.5445736270089032	116.0
19.000000000005677	0.29835738114882865	0.015147623886931883	-1.5410024189580318	126.0
19.50000000000629	0.30861817090450033	0.029040704964214546	-1.5611955126903114	136.0
20.0000000000069	0.2975691438608886	0.016276629712968484	-1.5719295914258982	145.0
20.50000000000751	0.2513748745584645	-0.10475462616470609	-1.6180300716023681	158.0
21.00000000000812	0.2975108393424651	0.01619385963375235	-1.6035562661458493	160.0
21.500000000008733	0.27550794362600717	0.017417197707132875	-1.656765964809214	172.0
22.000000000009344	0.2280638015553594	-0.1934195864570264	-1.6677859645015658	169.0
22.500000000009955	0.23087316571986413	-0.20776579158004507	-1.671683702331378	169.0
23.000000000010566	0.21096450749753112	-0.24586312749469108	-1.6607811890295783	173.0
23.500000000011177	0.20353724968954662	-0.24313138722501965	-1.6694232082446812	169.0
24.000000000011788	0.18954458639555155	-0.28227776008837097	-1.682387581854085	165.0
24.5000000000124	0.1900640272726576	-0.27648633713919435	-1.691629002541018	179.0
25.00000000001301	0.20051178064395875	-0.2744218343483395	-1.7038601175821602	184.0
25.50000000001362	0.19968860221239076	-0.30319061536491276	-1.7002009373452247	182.0
26.000000000014232	0.2006342624147254	0.29803289241712766	-1.7233115239854886	183.0
26.500000000014843	0.20117713285572292	-0.3049659051607958	-1.7250841534080834	183.0
27.000000000015454	0.19483739224901253	-0.3008305973973295	-1.709386826229026	189.0
27.500000000016065	0.19878725458959434	-0.3011893492198283	-1.754931887567181	194.0
28.000000000016676	0.1924209838015859	-0.3166319793099958	-1.724247187782633	193.0
28.500000000017288	0.18781141132651033	-0.3176586563763586	-1.7476580574821592	190.0
29.0000000000179	0.17784393158558054	-0.32994739797119266	-1.7515362971514272	191.0
29.50000000001851	0.18936345791365572	-0.32055383008104155	-1.7468019496440077	190.0
30.00000000001912	0.1900549439844916	-0.31835219131576914	-1.7689930750581022	200.0
30.50000000001973	0.18850698950994138	-0.31775529741241787	-1.7636403603500515	201.0
31.000000000020343	0.1888664049971132	-0.3478457685520725	-1.7479360185138875	193.0
31.500000000020954	0.18768565672507218	-0.3565474626937027	-1.7667955851756634	200.0
32.000000000021565	0.17384198994437156	-0.36002473721353645	-1.7614258945560832	200.0
32.500000000022176	0.18428115473350104	-0.35364023541755785	-1.7722455359136395	199.0
33.00000000002279	0.18942180924389818	-0.3830579593057081	-1.777261415983541	205.0
33.5000000000234	0.18906690973919432	-0.37909829929019506	-1.77892592396449	207.0
34.00000000002401	0.18906690973919432	-0.37909829929019506	-1.77892592396449	208.0
34.50000000002462	0.17034871717685188	-0.3992355880348594	-1.7903834871258903	209.0
35.00000000002523	0.17509094736430528	-0.3918022198518607	-1.7922654462541834	209.0
35.50000000002584	0.1746643850775756	-0.39054157060452244	-1.793623398124943	206.0
36.00000000002645	0.17368120548039528	-0.43480466952085717	-1.793929564334919	207.0
36.500000000027065	0.1593479924812939	-0.46876370598091666	-1.7964910206611757	214.0
37.000000000027676	0.15658164631777352	-0.47747729795787175	-1.8068089540296537	211.0
37.50000000002829	0.15671616766911564	-0.47607564677468656	-1.8091077602232795	213.0
38.0000000000289	0.15671616766911564	-0.47607564677468656	-1.8091077602232795	214.0
38.50000000002951	0.15671616766911564	-0.47607564677468656	-1.8091077602232795	212.0
39.00000000003012	0.15671616766911564	-0.47607564677468656	-1.8091077602232795	210.0
39.50000000003073	0.16814301224876854	-0.49283107776653406	-1.8225966976995522	215.0
40.00000000003134	0.15582255860356772	-0.3133815597595042	-1.8047934978446378	223.0
