0.0	0.3028981296689902	0.001816826501443193	-0.49170164408110895	2.0
1.0000000000000004	0.3028981296689902	0.001816826501443193	-0.49170164408110895	2.0
2.0000000000000013	0.30292078615952533	0.0005355532605494939	-0.5091988831235399	14.0
3.001999999999891	0.300659861233567	0.0012205515001703362	-0.5252371586254645	12.0
4.001999999999781	0.2997692910083384	0.000651265961770233	-0.5267788158214569	8.0
5.001999999999671	0.297759318408305	-0.00010719719288428988	-0.5405371271796897	14.0
6.001999999999561	0.2962500293350023	0.00010151194466846594	-0.5391487525307042	20.0
7.001999999999451	0.2971663725933531	0.0004485552932360499	-0.5718071422230667	11.0
8.001999999999342	0.2995526224825694	0.0013340275705365464	-0.5796344657859458	17.0
9.001999999999676	0.29307524246685807	0.00036492814405929296	-0.6022454961404727	18.0
10.000000000000009	0.2986996439763485	0.0010637325391131326	-0.602068588009291	20.0
11.000000000000343	0.30107238190240904	-0.00028121805289608824	-0.6234442798502609	19.0
12.000000000000677	0.2989269917450196	0.00014413391457232484	-0.6297361428686198	20.0
13.00000000000101	0.2981206788754821	-0.002646193348939439	-0.640746525119414	28.0
14.000000000001345	0.298235007890979	0.00369715176036772	-0.6673473950619374	26.0
15.000000000001679	0.2963447615222102	-0.0005567922940023547	-0.6640351855888238	24.0
16.00000000000201	0.29668566301242993	-0.0020868344898258644	-0.6966152244001443	27.0
17.000000000003233	0.29761852492024277	-0.00014483142905935358	-0.6990798728282722	22.0
18.000000000004455	0.29343188851140584	-0.007027950708779762	-0.7254987339275888	28.0
19.000000000005677	0.29418556271061713	-0.0020620664693311265	-0.7274898506817059	26.0
20.0000000000069	0.2862688252387465	-0.004011145243222481	-0.7509012592611282	30.0
21.00000000000812	0.2945906247021483	-0.00040303069418500675	-0.7647388013826146	29.0
22.000000000009344	0.28859887490646813	-0.0011540377915921012	-0.7710932093381586	31.0
23.000000000010566	0.2954631647782211	-0.00034261841898503226	-0.7921446576960813	26.0
24.000000000011788	0.29698730888919894	-8.830393562379087e-5	-0.7940745882691118	26.0
25.00000000001301	0.2910672343409789	0.00017374029152964084	-0.8157744396414489	31.0
26.000000000014232	0.29617294658406856	0.0015256127585278254	-0.82384999223824	26.0
27.000000000015454	0.2944235130054999	0.00035385722083005255	-0.8527374845464665	29.0
28.000000000016676	0.29758216799916554	0.0011830154030647974	-0.8557656918833171	27.0
29.0000000000179	0.2855756641238188	0.0027737724363801793	-0.8699524503690275	33.0
30.00000000001912	0.29586163484243583	0.0006380435629677124	-0.8915163857900438	27.0
31.000000000020343	0.28889444891112254	0.0011288020872692573	-0.9020016168602915	29.0
32.000000000021565	0.2919956027605736	-0.00013239226901426874	-0.9101021675469995	29.0
33.00000000002279	0.29558318527436966	-0.0010712006960265944	-0.917466770630268	26.0
34.00000000002401	0.2947721020703463	0.0007221968795505904	-0.9480434591117802	25.0
35.00000000002523	0.2950244314071156	0.0009062386307888892	-0.9503550755999578	26.0
36.00000000002645	0.29599240000018995	0.003018215480817727	-0.9794257404310257	27.0
37.000000000027676	0.2931592999322431	0.0011080911465014796	-0.982780389960823	28.0
38.0000000000289	0.2841579884413704	-0.002528509786435623	-0.9980468237721954	26.0
39.00000000003012	0.2950766509384127	-0.0014150860844660117	-1.0182858073612933	20.0
40.00000000003134	0.28720601512472743	0.001031192740295415	-1.026566744041096	24.0
41.000000000032564	0.29409516462594965	-0.00046739620188567996	-1.043503970191857	19.0
42.000000000033786	0.28363967106340265	0.0026698624558669326	-1.062594515032497	23.0
43.00000000003501	0.2940795109114258	0.0002321590523805499	-1.0758641568665899	22.0
44.00000000003623	0.29493782283676717	0.00097751865984132	-1.085068666969956	20.0
45.00000000003745	0.28575455833748953	-3.707241571733076e-5	-1.091519465258115	24.0
46.000000000038675	0.2945849882402204	0.00021581030914737579	-1.1150529568013194	17.0
47.0000000000399	0.295013488144224	-0.0005020391431460942	-1.1156368782285202	18.0
48.00000000004112	0.2941361510219265	-0.0010591374691285447	-1.1391018795342938	18.0
49.00000000004234	0.2955479211552207	0.002352279181168967	-1.1418748504332978	16.0
50.00000000004356	0.29291556978354516	0.005066391497097817	-1.168655442870364	19.0
51.000000000044786	0.29534013031812045	0.0007972271378536024	-1.1795778645775938	12.0
52.00000000004601	0.2946282755976152	-0.00018445481821930293	-1.1787238564969882	17.0
53.00000000004723	0.29698390141851677	-0.0004525942858623037	-1.206635086130002	12.0
54.00000000004845	0.2955787297558742	-0.0010615920688575792	-1.2085256783875442	15.0
55.000000000049674	0.2952052963175278	-0.0014652121676446705	-1.2330906640888932	19.0
56.000000000050896	0.29564762646996645	-7.982751428004908e-6	-1.242993442445112	10.0
57.00000000005212	0.29576387748161037	-0.0013169742719752395	-1.2512984558109923	19.0
58.00000000005334	0.2931874768951535	0.0033648018505235354	-1.2703039156873055	10.0
59.00000000005456	0.29456005117190187	-0.0021662100808337932	-1.2737071118417715	13.0
60.000000000055785	0.29196274621561735	-0.0002977173994318197	-1.2982462568744895	15.0
61.00000000005701	0.2942182541550909	0.0002208391854861475	-1.3051294321987872	10.0
62.00000000005823	0.2945397333648529	0.0007406376998083015	-1.315131498845173	14.0
63.00000000005945	0.2965044837702553	-0.0011134891766554327	-1.3246929943364125	16.0
64.00000000006067	0.29420403993995403	0.0019717757059296123	-1.3388643022811972	11.0
65.00000000005834	0.291214785454512	0.009761830431047492	-1.3591509270847606	22.0
66.000000000056	0.29088868275528573	0.0010287435025214328	-1.3668288748317743	20.0
67.00000000005367	0.296684114832961	0.006160860712961431	-1.3747103034089718	18.0
68.00000000005134	0.30031054749585895	-0.002195654604963959	-1.3768795284838589	23.0
69.00000000004901	0.2884147309988218	0.0009034423833117381	-1.3974445920861334	21.0
70.00000000004668	0.29754873510055485	0.009249910887018653	-1.40251024311151	25.0
71.00000000004435	0.2955908468458265	0.002561618170700576	-1.4162179326237512	29.0
72.00000000004202	0.2973379875147939	0.006229385400534814	-1.4212240588022325	32.0
73.00000000003969	0.30478779741725326	5.733530416491799e-5	-1.4400239854325827	28.0
74.00000000003736	0.30862087489100826	0.004540147977663754	-1.4357753730784883	33.0
75.00000000003503	0.2928541669096026	0.01379049525649333	-1.4509972650690106	34.0
76.0000000000327	0.3009319183767337	0.013680721366814143	-1.471667314278664	37.0
77.00000000003037	0.3023850772288868	0.006455956523293461	-1.4754002253313798	36.0
78.00000000002804	0.29949628164838565	0.01606997318244186	-1.4719511825824698	39.0
79.00000000002571	0.2988511564066304	0.008917372399112751	-1.4967818631994494	41.0
80.00000000002338	0.3023180768197215	0.008820341309636813	-1.5037576563431225	43.0
81.00000000002105	0.29909955726411863	0.01682718054097775	-1.505287910664981	49.0
82.00000000001872	0.306676771177544	0.0014403161085007861	-1.502962599493906	51.0
83.00000000001639	0.29670300454524606	0.00958327422589374	-1.5263523752205388	59.0
84.00000000001405	0.3030834000507128	0.002746178674933021	-1.5397242124176045	55.0
85.00000000001172	0.30721914917470156	0.001019003173212971	-1.5343094670751045	61.0
86.0000000000094	0.30373841267716145	0.009689462545938799	-1.5364176808143275	71.0
87.00000000000706	0.30122359151963235	0.008930976164753213	-1.5689506257488646	73.0
88.00000000000473	0.2943491467760623	0.01619794195775391	-1.5595296475089107	68.0
89.0000000000024	0.2990185487028022	0.013132869026664117	-1.5752462079720002	71.0
90.00000000000007	0.29685008984987177	0.015992187560205498	-1.571258371259899	74.0
91.00199999999774	0.2997245340725845	0.01433013956689961	-1.598668048366431	80.0
92.0019999999954	0.29598124107566337	0.012476448072709298	-1.602602344960261	85.0
93.00199999999307	0.297212228898224	0.016149242886676064	-1.6041233439224716	89.0
94.00199999999074	0.29872162246768175	0.014000834865663225	-1.6030808736848592	96.0
95.00199999998841	0.29607084870923067	0.012847269099774917	-1.6022998623323916	97.0
96.00199999998608	0.28476874484638287	0.0056981045267639665	-1.6186225832813266	94.0
97.00199999998375	0.2896681380334951	0.016199622338191735	-1.6261132350812286	100.0
98.00199999998142	0.2924711096802449	0.010122187327345916	-1.6263384680769677	106.0
99.00199999997909	0.26735406174247334	0.016141016851677455	-1.6363142370353803	104.0
100.00199999997676	0.28538739917104095	0.008488946491484625	-1.649520909146868	112.0
101.00199999997443	0.2869476501948373	0.008594641656470706	-1.6495795419358579	118.0
102.0019999999721	0.28227467517645005	0.01017303125258294	-1.6520502298971873	123.0
103.00199999996977	0.2643432061923784	-0.10193828438173563	-1.6645965103960165	132.0
104.00199999996744	0.2769016875885714	0.015767696532009896	-1.644676777455431	132.0
105.00199999996511	0.2769016875885714	0.015767696532009896	-1.644676777455431	137.0
106.00199999996278	0.23360328758440452	-0.10554245333730711	-1.6684610303590495	141.0
107.00199999996045	0.24527610391189547	-0.09917059999827421	-1.6764628980053495	138.0
108.00199999995812	0.2534115317725543	-0.10230405390415973	-1.6824190871234612	137.0
109.00199999995579	0.2520010301112623	-0.10319923940862655	-1.6815482371224093	141.0
110.00199999995345	0.25109701326619355	-0.09939770918971093	-1.681430420323124	151.0
111.00199999995112	0.2474852277090643	-0.09600302218005277	-1.6830441146581925	150.0
112.0019999999488	0.2500577674209796	-0.0999074174650846	-1.7005270094667841	154.0
113.00199999994646	0.2536326983217749	-0.10112955165849856	-1.7086349176807294	155.0
114.00199999994413	0.24986524866777127	-0.09939263677195095	-1.7105894265946129	155.0
115.0019999999418	0.23297269979945176	-0.10576912361783014	-1.7027840899000668	156.0
116.00199999993947	0.2301334961842384	-0.11102462840507749	-1.7247320505573194	162.0
117.00199999993714	0.22200204794043443	0.12074003738664724	-1.7141382783296226	159.0
118.00199999993481	0.2315489689144622	-0.11877037647352345	-1.726386153175836	167.0
119.00199999993248	0.2315489689144622	-0.11877037647352345	-1.726386153175836	169.0
